9.914664362480568	6.818231882745848e-10
9.976966144216274	1.0789635762961123e-9
10.038588514881498	1.6251234926829379e-9
10.099537486619699	2.354435056995507e-9
10.159818497282277	3.304958438465552e-9
10.219436411596417	4.518708845990101e-9
9.944835280208897	2.655238373365232e-10
10.007984521174274	4.440050550395675e-10
10.070467475837402	7.03222531785825e-10
10.132291016386066	1.0663182458408566e-9
10.193461485210067	1.5599518746655938e-9
10.253984700475025	2.2143999124596426e-9
9.971243628811443	6.920800037761666e-11
10.035186665242751	1.2998681025352803e-10
10.09847367496526	2.2707371942349583e-10
10.16111223698045	3.743830212460789e-10
10.223109431709037	5.887618897738428e-10
10.284471849706717	8.901630019811508e-10
9.99416429821849	7.801761554736338e-12
10.05885700974598	1.9683815161303815e-11
10.122901630155845	4.301663926122726e-11
10.186306332929846	8.457299326549498e-11
10.249078814774581	1.533144231114894e-10
10.311226306659849	2.6063472250462524e-10
10.372755583376023	4.20575252249467e-10
10.079239117530607	3.9456641809725095e-13
10.144002999229922	2.064861356613145e-12
10.208133494405141	7.002578955465977e-12
10.271638825948886	1.848693335134308e-11
10.334526767761478	4.1415462871810046e-11
10.396804656192133	8.258266558227218e-11
10.458479400149203	1.5093318975717202e-10
10.096543180981318	9.445968090639646e-14
10.161994556449827	1.4566837895560468e-15
10.226817411169186	1.3075755107644808e-15
10.291020426951896	1.2828372179117002e-13
10.354611847904776	1.1107269367240071e-12
10.41759949334981	4.696475169138007e-12
10.479990769485209	1.3961368054060744e-11
10.177064353060667	6.775032748929684e-12
10.242551807010432	2.59938194245602e-12
10.307423288729844	6.546311192905637e-13
10.371687457923171	6.561147188637695e-14
10.435352557871429	7.307816270427173e-17
10.498426428342304	1.3219391253273737e-14
10.560916517340912	3.826569799719209e-13
10.622829891753009	2.426726913576765e-12
10.18937654151335	8.63614211057775e-11
10.255505538884181	5.691596266799175e-11
10.321021186818083	3.398157533655398e-11
10.385932519494975	1.7858176172668768e-11
10.450248159648428	7.849948262665819e-12
10.513976332516684	2.614567177477742e-12
10.577124878662161	5.250399814744601e-13
10.639701265716383	2.957541272029985e-14
10.265826627047936	3.217182921590736e-10
10.331966251856155	2.4125334607579045e-10
10.397503452439762	1.7121067427098513e-10
10.46244719740966	1.139783611045425e-10
10.526806061095959	7.020439112573381e-11
10.590588237279718	3.91530348992753e-11
10.653801551865218	1.908429412711128e-11
10.716453474550814	7.638845528937807e-12
10.273645476977743	1.0782034186124612e-9
10.34039235785833	8.985467045014555e-10
10.406537741076642	7.236269148194134e-10
10.472090915914317	5.620689147781024e-10
10.537060778348335	4.196495453899594e-10
10.601455845587656	2.996017647021589e-10
10.66528426955468	2.0298093516319354e-10
10.72855384937206	1.290638598792993e-10
10.279077481908761	2.7288547378111107e-9
10.3464178519904	2.4174842138280212e-9
10.413156799767147	2.0877771166654133e-9
10.479303916488417	1.7579174478598642e-9
10.544868399246077	1.4421791930639088e-9
10.609859066244347	1.1511130308386257e-9
10.674284371010046	8.918530307223748e-10
10.738152415605006	6.684970853095064e-10
10.801470962900732	4.825288464880673e-10
10.35014777507893	5.3394919919481656e-9
10.417468298207655	4.821422612474169e-9
10.48419659387956	4.267031766044866e-9
10.550342145197678	3.702657379190009e-9
10.615914054682658	3.1497715368870764e-9
10.680921059157479	2.625163732499595e-9
10.745371543625454	2.1412569470696035e-9
10.80927355420355	1.7065076001322869e-9
10.351675683710543	1.0324277196412047e-8
10.419568065320231	9.617492289402677e-9
10.486867126983126	8.80632266646888e-9
10.553582627036741	7.932890204665764e-9
10.61972394020272	7.033419834267098e-9
10.685300073115528	6.138213288406069e-9
10.750319678825432	5.27183849456076e-9
10.814791070346097	4.453462711013662e-9
10.878722233303055	3.697278222796827e-9
10.419541660883342	1.7288781580255043e-8
10.487403118787572	1.6230382794289757e-8
10.554679557355476	1.5019493412196582e-8
10.62138061506911	1.3711110069043159e-8
10.68751555875262	1.2353160849915686e-8
10.753093298680314	1.0986484560449923e-8
10.818122402709076	9.645036374916783e-9
10.882611109497477	8.356246321492928e-9
10.417465682586458	2.874763547482211e-8
10.485882957704522	2.7512729141590285e-8
10.553713169205936	2.5986714518069012e-8
10.620966213893087	2.4247508184586116e-8
10.687651612300074	2.236500040560247e-8
10.75377852439527	2.0400714009240034e-8
10.81935576428489	1.8407801746604676e-8
10.884391813983662	1.6431278660011007e-8
10.948894836313611	1.450841465841677e-8
10.482376955530984	4.372229195470105e-8
10.55075539995737	4.1974501867764105e-8
10.61855434592088	3.9842556229755714e-8
10.68578356377716	3.742281265288794e-8
10.752452458362445	3.4802147367629816e-8
10.818570084264621	3.205763792654866e-8
10.884145160136967	2.9256591300043274e-8
10.949186082118686	2.645681365857851e-8
10.545870885669041	6.421203456076986e-8
10.614211128404287	6.180661317602475e-8
10.681979051446557	5.890652305123059e-8
10.749184301926773	5.5628872540034564e-8
10.815836171488726	5.2079682312792676e-8
10.881943611147303	4.835360658416367e-8
10.947515245227699	4.453400460108525e-8
11.012559384449329	4.069325868537624e-8
10.607996058500252	9.153122870300748e-8
10.676298927003758	8.829932491222647e-8
10.74403629559078	8.444351701502986e-8
10.811217691506766	8.0104036652582e-8
10.87785229589365	7.540826696090206e-8
10.94394895825232	7.047051685418299e-8
11.009516210024708	6.539214852849839e-8
10.668798022572567	1.2715587079391494e-7
10.737064514553193	1.2290313292698508e-7
10.804771992093535	1.1787733921355226e-7
10.871929865963338	1.1224427344825981e-7
10.938547209621706	1.0615495291384971e-7
11.004632773303017	9.974547005496591e-8
11.070194997255516	9.313718859891332e-8
10.728319545490512	1.7272495417850399e-7
10.796550804605735	1.6723026466148623e-7
10.864229222782722	1.6079231545184454e-7
10.931364097758609	1.536049218973877e-7
10.997964398213487	1.4584505547379392e-7
11.064038777498336	1.376727670271665e-7
11.129595586544603	1.2923146399355621e-7
10.786600842888678	2.3004097277263422e-7
10.854798137768709	2.2305531512990636e-7
10.922448473481028	2.1493406058302497e-7
10.989561038176175	2.0590158083821316e-7
11.056144698709419	1.9616316528018455e-7
11.122208014025324	1.859050397593462e-7
10.843679783767136	3.0106967439652515e-7
10.911844489878717	2.923151321417589e-7
10.979467845261203	2.8220949141646703e-7
11.046558931906633	2.710102459740909e-7
11.11312651782035	2.589534062909915e-7
11.179179070079874	2.462536277337798e-7
10.899592075098095	3.879391616496335e-7